00276262.root 0.001 1. 1.
00276329.root 0.001 1. 1.
00276336.root 0.001 1. 1.
00276416.root 0.001 1. 1.
00276511.root 0.001 1. 1.
00276689.root 0.001 1. 1.
00276778.root 0.001 1. 1.
00276790.root 0.001 1. 1.
00276952.root 0.001 1. 1.
00276954.root 0.001 1. 1.
00278880.root 0.001 1. 1.
00278912.root 0.001 1. 1.
00278968.root 0.001 1. 1.
00279169.root 0.001 1. 1.
00279259.root 0.001 1. 1.
00279279.root 0.001 1. 1.
00279284.root 0.001 1. 1.
00279345.root 0.001 1. 1.
00279515.root 0.001 1. 1.
00279598.root 0.001 1. 1.
00279685.root 0.001 1. 1.
00279813.root 0.001 1. 1.
00279867.root 0.001 1. 1.
00279928.root 0.001 1. 1.
00279932.root 0.001 1. 1.
00279984.root 0.001 1. 1.
00280231.root 0.001 1. 1.
00280273.root 0.001 1. 1.
00280319.root 0.001 1. 1.
00280368.root 0.001 1. 1.
00280423.root 0.001 1. 1.
00280464.root 0.001 1. 1.
00280500.root 0.001 1. 1.
00280520.root 0.001 1. 1.
00280614.root 0.001 1. 1.
00280673.root 0.001 1. 1.
00280753.root 0.001 1. 1.
00280853.root 0.001 1. 1.
00280862.root 0.001 1. 1.
00280950.root 0.001 1. 1.
00280977.root 0.001 1. 1.
00281070.root 0.001 1. 1.
00281074.root 0.001 1. 1.
00281075.root 0.001 1. 1.
00281317.root 0.001 1. 1.
00281385.root 0.001 1. 1.
00281411.root 0.001 1. 1.
00282625.root 0.001 1. 1.
00282631.root 0.001 1. 1.
00282712.root 0.001 1. 1.
00282784.root 0.001 1. 1.
00282992.root 0.001 1. 1.
00283074.root 0.001 1. 1.
00283155.root 0.001 1. 1.
00283270.root 0.001 1. 1.
00283429.root 0.001 1. 1.
00283608.root 0.001 1. 1.
00283780.root 0.001 1. 1.
00284006.root 0.001 1. 1.
00284154.root 0.001 1. 1.
00284213.root 0.001 1. 1.
00284285.root 0.001 1. 1.
00284420.root 0.001 1. 1.
00284427.root 0.001 1. 1.
00284484.root 0.001 1. 1.
00297730.root 0.001 1. 1.
00298595.root 0.001 1. 1.
00298609.root 0.001 1. 1.
00298633.root 0.001 1. 1.
00298687.root 0.001 1. 1.
00298690.root 0.001 1. 1.
00298771.root 0.001 1. 1.
00298773.root 0.001 1. 1.
00298862.root 0.001 1. 1.
00298967.root 0.001 1. 1.
00299055.root 0.001 1. 1.
00299144.root 0.001 1. 1.
00299147.root 0.001 1. 1.
00299184.root 0.001 1. 1.
00299243.root 0.001 1. 1.
00299584.root 0.001 1. 1.
00300279.root 0.001 1. 1.
00300345.root 0.001 1. 1.
00300415.root 0.001 1. 1.
00300418.root 0.001 1. 1.
00300487.root 0.001 1. 1.
00300540.root 0.001 1. 1.
00300571.root 0.001 1. 1.
00300600.root 0.001 1. 1.
00300655.root 0.001 1. 1.
00300687.root 0.001 1. 1.
00300784.root 0.001 1. 1.
00300800.root 0.001 1. 1.
00300863.root 0.001 1. 1.
00300908.root 0.001 1. 1.
00301912.root 0.001 1. 1.
00301918.root 0.001 1. 1.
00301932.root 0.001 1. 1.
00301973.root 0.001 1. 1.
00302053.root 0.001 1. 1.
00302137.root 0.001 1. 1.
00302265.root 0.001 1. 1.
00302269.root 0.001 1. 1.
00302300.root 0.001 1. 1.
00302347.root 0.001 1. 1.
00302380.root 0.001 1. 1.
00302391.root 0.001 1. 1.
00302393.root 0.001 1. 1.
00302737.root 0.001 1. 1.
00302831.root 0.001 1. 1.
00302872.root 0.001 1. 1.
00302919.root 0.001 1. 1.
00302925.root 0.001 1. 1.
00302956.root 0.001 1. 1.
00303007.root 0.001 1. 1.
00303079.root 0.001 1. 1.
00303201.root 0.001 1. 1.
00303208.root 0.001 1. 1.
00303264.root 0.001 1. 1.
00303266.root 0.001 1. 1.
00303291.root 0.001 1. 1.
00303304.root 0.001 1. 1.
00303338.root 0.001 1. 1.
00303421.root 0.001 1. 1.
00303499.root 0.001 1. 1.
00303560.root 0.001 1. 1.
00303638.root 0.001 1. 1.
00303832.root 0.001 1. 1.
00303846.root 0.001 1. 1.
00303892.root 0.001 1. 1.
00303943.root 0.001 1. 1.
00304006.root 0.001 1. 1.
00304008.root 0.001 1. 1.
00304128.root 0.001 1. 1.
00304178.root 0.001 1. 1.
00304198.root 0.001 1. 1.
00304211.root 0.001 1. 1.
00304243.root 0.001 1. 1.
00304308.root 0.001 1. 1.
00304337.root 0.001 1. 1.
00304409.root 0.001 1. 1.
00304431.root 0.001 1. 1.
00304494.root 0.001 1. 1.
00305380.root 0.001 1. 1.
00305543.root 0.001 1. 1.
00305571.root 0.001 1. 1.
00305618.root 0.001 1. 1.
00305671.root 0.001 1. 1.
00305674.root 0.001 1. 1.
00305723.root 0.001 1. 1.
00305727.root 0.001 1. 1.
00305735.root 0.001 1. 1.
00305777.root 0.001 1. 1.
00305811.root 0.001 1. 1.
00305920.root 0.001 1. 1.
00306269.root 0.001 1. 1.
00306278.root 0.001 1. 1.
00306310.root 0.001 1. 1.
00306384.root 0.001 1. 1.
00306419.root 0.001 1. 1.
00306442.root 0.001 1. 1.
00306448.root 0.001 1. 1.
00306451.root 0.001 1. 1.
00307126.root 0.001 1. 1.
00307195.root 0.001 1. 1.
00307259.root 0.001 1. 1.
00307306.root 0.001 1. 1.
00307354.root 0.001 1. 1.
00307358.root 0.001 1. 1.
00307394.root 0.001 1. 1.
00307454.root 0.001 1. 1.
00307514.root 0.001 1. 1.
00307539.root 0.001 1. 1.
00307569.root 0.001 1. 1.
00307601.root 0.001 1. 1.
00307619.root 0.001 1. 1.
00307656.root 0.001 1. 1.
00307710.root 0.001 1. 1.
00307716.root 0.001 1. 1.
00307732.root 0.001 1. 1.
00307861.root 0.001 1. 1.
00307935.root 0.001 1. 1.
00308047.root 0.001 1. 1.
00308084.root 0.001 1. 1.
00309375.root 0.001 1. 1.
00309390.root 0.001 1. 1.
00309440.root 0.001 1. 1.
00309516.root 0.001 1. 1.
00309640.root 0.001 1. 1.
00309674.root 0.001 1. 1.
00309759.root 0.001 1. 1.
00310015.root 0.001 1. 1.
00310247.root 0.001 1. 1.
00310249.root 0.001 1. 1.
00310341.root 0.001 1. 1.
00310370.root 0.001 1. 1.
00310405.root 0.001 1. 1.
00310468.root 0.001 1. 1.
00310473.root 0.001 1. 1.
00310634.root 0.001 1. 1.
00310691.root 0.001 1. 1.
00310738.root 0.001 1. 1.
00310809.root 0.001 1. 1.
00310863.root 0.001 1. 1.
00310872.root 0.001 1. 1.
00310969.root 0.001 1. 1.
00311071.root 0.001 1. 1.
00311170.root 0.001 1. 1.
00311244.root 0.001 1. 1.
00311287.root 0.001 1. 1.
00311321.root 0.001 1. 1.
00311365.root 0.001 1. 1.
00311402.root 0.001 1. 1.
00311473.root 0.001 1. 1.
00311481.root 0.001 1. 1.
