364198.root 2330.19 0.9751 1.0
364199.root 82.2568 0.9751 1.0
364200.root 44.8791 0.9751 1.0
364201.root 5.11499 0.9751 1.0
364202.root 2.75978 0.9751 1.0
364203.root 0.472156 0.9751 1.0
364204.root 2331.22 0.9751 1.0
364205.root 81.3577 0.9751 1.0
364206.root 44.9714 0.9751 1.0
364207.root 5.48142 0.9751 1.0
364208.root 2.77741 0.9751 1.0
364209.root 0.473086 0.9751 1.0
364210.root 2333.93 0.9751 1.0
364211.root 81.1026 0.9751 1.0
364212.root 44.8369 0.9751 1.0
364213.root 5.54094 0.9751 1.0
364214.root 2.79355 0.9751 1.0
364215.root 0.469721 0.9751 1.0
