301535.root 52.706 1 1.0
301536.root 52.708 1 1.0
301887.root 200.75 1 1.0
301888.root 200.91 1 1.0
301889.root 200.78 1 1.0
301890.root 15.348 1 1.0
301891.root 1.5282 1 1.0
301892.root 0.24155 1 1.0
301893.root 15.272 1 1.0
301894.root 1.5235 1 1.0
301895.root 0.24183 1 1.0
301896.root 15.297 1 1.0
301897.root 1.529 1 1.0
301898.root 0.2426 1 1.0
301899.root 5.242 1 1.0
301900.root 0.38455 1 1.0
301901.root 0.047209 1 1.0
301902.root 5.2455 1 1.0
301903.root 0.38548 1 1.0
301904.root 0.04724 1 1.0
301905.root 5.249 1 1.0
301906.root 0.38482 1 1.0
301907.root 0.047025 1 1.0
301908.root 4.0365 1 1.0
301909.root 0.97151 1 1.0
301910.root 0.17115 1 1.0
343243.root 52.691 1 1.0
