364156.root 15770 0.9702 1.0
364157.root 2493.38 0.9702 1.0
364158.root 844.198 0.9702 1.0
364159.root 637.424 0.9702 1.0
364160.root 219.966 0.9702 1.0
364161.root 71.4594 0.9702 1.0
364162.root 212.555 0.9702 1.0
364163.root 98.4372 0.9702 1.0
364164.root 36.9148 0.9702 1.0
364165.root 39.3825 0.9702 1.0
364166.root 22.9178 0.9702 1.0
364167.root 9.60864 0.9702 1.0
364168.root 15.01 0.9702 1.0
364169.root 1.2344 0.9702 1.0
364170.root 15769.6 0.9702 1.0
364171.root 2492.64 0.9702 1.0
364172.root 844.638 0.9702 1.0
364173.root 630.322 0.9702 1.0
364174.root 215.49 0.9702 1.0
364175.root 97.738 0.9702 1.0
364176.root 202.836 0.9702 1.0
364177.root 98.4433 0.9702 1.0
364178.root 36.9965 0.9702 1.0
364179.root 39.2433 0.9702 1.0
364180.root 22.8465 0.9702 1.0
364181.root 9.65665 0.9702 1.0
364182.root 15.224 0.9702 1.0
364183.root 1.2334 0.9702 1.0
364184.root 15799.4 0.9702 1.0
364185.root 2477.25 0.9702 1.0
364186.root 854.555 0.9702 1.0
364187.root 638.546 0.9702 1.0
364188.root 210.382 0.9702 1.0
364189.root 98.0183 0.9702 1.0
364190.root 202.333 0.9702 1.0
364191.root 98.5776 0.9702 1.0
364192.root 40.0623 0.9702 1.0
364193.root 39.3251 0.9702 1.0
364194.root 22.779 0.9702 1.0
364195.root 9.67021 0.9702 1.0
364196.root 15.046 0.9702 1.0
364197.root 1.2339 0.9702 1.0
