364100.root 1630.22 0.9751 1.0
364101.root 223.717 0.9751 1.0
364102.root 127.18 0.9751 1.0
364103.root 75.0165 0.9751 1.0
364104.root 20.3477 0.9751 1.0
364105.root 12.3885 0.9751 1.0
364106.root 24.2853 0.9751 1.0
364107.root 9.27542 0.9751 1.0
364108.root 6.01361 0.9751 1.0
364109.root 4.77297 0.9751 1.0
364110.root 2.26557 0.9751 1.0
364111.root 1.49132 0.9751 1.0
364112.root 1.7881 0.9751 1.0
364113.root 0.14769 0.9751 1.0
364114.root 1627.18 0.9751 1.0
364115.root 223.731 0.9751 1.0
364116.root 126.45 0.9751 1.0
364117.root 76.2925 0.9751 1.0
364118.root 20.336 0.9751 1.0
364119.root 12.6228 0.9751 1.0
364120.root 25.03 0.9751 1.0
364121.root 9.37199 0.9751 1.0
364122.root 6.08263 0.9751 1.0
364123.root 4.86923 0.9751 1.0
364124.root 2.27998 0.9751 1.0
364125.root 1.49437 0.9751 1.0
364126.root 1.8081 0.9751 1.0
364127.root 0.14857 0.9751 1.0
364128.root 1627.73 0.9751 1.0
364129.root 223.881 0.9751 1.0
364130.root 127.733 0.9751 1.0
364131.root 76.0262 0.9751 1.0
364132.root 20.2123 0.9751 1.0
364133.root 12.2939 0.9751 1.0
364134.root 24.8034 0.9751 1.0
364135.root 9.32824 0.9751 1.0
364136.root 5.47909 0.9751 1.0
364137.root 4.79119 0.9751 1.0
364138.root 2.27563 0.9751 1.0
364139.root 1.50284 0.9751 1.0
364140.root 1.8096 0.9751 1.0
364141.root 0.14834 0.9751 1.0
